  0.1000120000 2613.9469566638   0.1000120000 2613.9469566638   0.1000120000
  0.1050250000 1810.4265274273   0.1050250000 1810.4265274273   0.1050250000
  0.1100325000 2428.8158941044   0.1100325000 2428.8158941044   0.1100325000
  0.1106275000 1920.0374642653   0.1106275000   0.0000000000   0.0000000000
  0.1161990000 2031.5664665672   0.1161990000   0.0000000000   0.0000000000
  0.1250345000 1274.6809366519   0.1250345000 1274.6809366519   0.1250345000
  0.1299790000 985.9169794601   0.1299790000 985.9169794601   0.1299790000
  0.1349110000 873.7824144889   0.1349110000 873.7824144889   0.1349110000
  0.1400470000 942.9451457680   0.1400470000 942.9451457680   0.1400470000
  0.1450200000 1052.8349801853   0.1450200000 1052.8349801853   0.1450200000
  0.1500795000 737.4377733387   0.1500795000 737.4377733387   0.1500795000
  0.1534315000 1113.9273374110   0.1534315000   0.0000000000   0.0000000000
  0.1560885000 727.9159306859   0.1560885000   0.0000000000   0.0000000000
  0.1650200000 513.3818814871   0.1650200000 513.3818814871   0.1650200000
  0.1700980000 540.2757212570   0.1700980000 540.2757212570   0.1700980000
  0.1750440000 464.2680061515   0.1750440000 464.2680061515   0.1750440000
  0.1800535000 430.3693325625   0.1800535000 430.3693325625   0.1800535000
  0.1849715000 390.6446424207   0.1849715000 390.6446424207   0.1849715000
  0.1854330000 434.7563596755   0.1854330000   0.0000000000   0.0000000000
  0.1950590000 354.1254676930   0.1950590000 354.1254676930   0.1950590000
  0.1999290000 365.0005210174   0.1999290000 365.0005210174   0.1999290000
  0.2049250000 282.9802605798   0.2049250000 282.9802605798   0.2049250000
  0.2100870000 276.2880033256   0.2100870000 276.2880033256   0.2100870000
  0.2150740000 289.6576301208   0.2150740000 289.6576301208   0.2150740000
  0.2200800000 288.8478381274   0.2200800000 288.8478381274   0.2200800000
  0.2249175000 247.0726014272   0.2249175000 247.0726014272   0.2249175000
  0.2299470000 236.4321761874   0.2299470000 236.4321761874   0.2299470000
